{
 "cells": [
  {
   "cell_type": "code",
   "execution_count": 3,
   "id": "28129015-0fef-4889-95f1-c0b39a485edb",
   "metadata": {
    "execution": {
     "iopub.execute_input": "2025-02-17T16:05:31.551830Z",
     "iopub.status.busy": "2025-02-17T16:05:31.550437Z",
     "iopub.status.idle": "2025-02-17T16:05:31.563829Z",
     "shell.execute_reply": "2025-02-17T16:05:31.563182Z",
     "shell.execute_reply.started": "2025-02-17T16:05:31.551801Z"
    }
   },
   "outputs": [
    {
     "name": "stdout",
     "output_type": "stream",
     "text": [
      "Matrice di correlazione casuale:\n",
      "[[ 1.3357794   0.74829418 -0.01673419  0.68801298  0.4309279  -0.14625116\n",
      "   0.71834343  0.35307841 -0.05913668]\n",
      " [ 0.74829418  1.64502467 -0.72485304 -0.00851955 -0.42393063 -0.48724094\n",
      "   0.44376517 -0.00819669  0.84777491]\n",
      " [-0.01673419 -0.72485304  1.50868528  0.16965202 -0.20927425  0.1677088\n",
      "  -0.56239439  0.60929749 -0.73230287]\n",
      " [ 0.68801298 -0.00851955  0.16965202  1.44968513  0.72152859  0.35825217\n",
      "  -0.21261012  0.95535847  0.2870202 ]\n",
      " [ 0.4309279  -0.42393063 -0.20927425  0.72152859  1.6667532  -0.41082136\n",
      "   0.33166842  0.62606707 -0.6725955 ]\n",
      " [-0.14625116 -0.48724094  0.1677088   0.35825217 -0.41082136  1.62513077\n",
      "   0.41816766  0.11840173  0.49743161]\n",
      " [ 0.71834343  0.44376517 -0.56239439 -0.21261012  0.33166842  0.41816766\n",
      "   1.58770233 -0.22579272 -0.09961175]\n",
      " [ 0.35307841 -0.00819669  0.60929749  0.95535847  0.62606707  0.11840173\n",
      "  -0.22579272  1.33207067 -0.01523241]\n",
      " [-0.05913668  0.84777491 -0.73230287  0.2870202  -0.6725955   0.49743161\n",
      "  -0.09961175 -0.01523241  1.34471663]]\n",
      "\n",
      "SCR Totale Rischio di Mercato: 66.26M\n",
      "SCR Totale Rischio di Controparte: 1.47M\n",
      "SCR Totale Rischi Assicurativi: 113.28M\n",
      "SCR Totale Aggregato: 131.24M\n"
     ]
    }
   ],
   "source": [
    "import numpy as np\n",
    "\n",
    "# Definizione delle esposizioni (in milioni di euro)\n",
    "esposizione_azionario = 100\n",
    "esposizione_obbligazionaria = 200\n",
    "esposizione_immobiliare = 50\n",
    "esposizione_valutaria = 30\n",
    "esposizione_spread = 100\n",
    "esposizione_concentrazione = 80\n",
    "esposizione_controparti = [50, 30, 40]  # Esposizioni a diverse controparti\n",
    "prob_default = [0.02, 0.03, 0.015]  # Probabilità di default delle controparti\n",
    "loss_given_default = [0.6, 0.5, 0.7]  # LGD per ciascuna controparte\n",
    "\n",
    "# Esposizioni per rischi assicurativi\n",
    "esposizione_vita = 500  # Life Underwriting Risk\n",
    "esposizione_non_vita = 300  # Non-Life Underwriting Risk\n",
    "esposizione_salute = 200  # Health Underwriting Risk\n",
    "\n",
    "# Shock regolatori\n",
    "shock_azionario = 0.39\n",
    "shock_tasso = 0.015\n",
    "shock_immobiliare = 0.25\n",
    "shock_valutario = 0.25\n",
    "shock_spread = 0.084\n",
    "soglia_concentrazione = 50\n",
    "tasso_concentrazione = 0.10\n",
    "shock_vita = 0.15  # 15% di shock su esposizioni Vita\n",
    "shock_non_vita = 0.20  # 20% su esposizioni Non-Vita\n",
    "shock_salute = 0.18  # 18% su esposizioni Health\n",
    "\n",
    "# Calcolo SCR per rischio di mercato\n",
    "scr_azionario = esposizione_azionario * shock_azionario\n",
    "scr_tasso = esposizione_obbligazionaria * shock_tasso * 8\n",
    "scr_immobiliare = esposizione_immobiliare * shock_immobiliare\n",
    "scr_valutario = esposizione_valutaria * (1 - 1 / (1 + shock_valutario))\n",
    "scr_spread = esposizione_spread * shock_spread\n",
    "scr_concentrazione = max(0, (esposizione_concentrazione - soglia_concentrazione) * tasso_concentrazione)\n",
    "\n",
    "# Calcolo SCR per rischio di controparte\n",
    "scr_controparti = sum(e * p * l for e, p, l in zip(esposizione_controparti, prob_default, loss_given_default))\n",
    "\n",
    "# Calcolo SCR per rischi assicurativi\n",
    "scr_vita = esposizione_vita * shock_vita\n",
    "scr_non_vita = esposizione_non_vita * shock_non_vita\n",
    "scr_salute = esposizione_salute * shock_salute\n",
    "\n",
    "# Generazione matrice di correlazione casuale\n",
    "np.random.seed(42)  # Per riproducibilità\n",
    "dim = 9\n",
    "corr_matrix = np.random.normal(0.5, np.sqrt(3), (dim, dim))\n",
    "corr_matrix = (corr_matrix + corr_matrix.T) / 2  # Rende la matrice simmetrica\n",
    "np.fill_diagonal(corr_matrix, 1)  # Imposta la diagonale a 1\n",
    "\n",
    "# Proietta i valori tra -1 e 1\n",
    "corr_matrix = np.clip(corr_matrix, -1, 1)\n",
    "\n",
    "# Assicura che la matrice sia semi-definita positiva\n",
    "vals, vecs = np.linalg.eigh(corr_matrix)\n",
    "vals = np.clip(vals, 0, None)  # Impedisce valori negativi\n",
    "d_corr = vecs @ np.diag(vals) @ vecs.T  # Ricostruisce la matrice\n",
    "\n",
    "# Calcolo SCR totale per i tre blocchi separati\n",
    "scr_sotto_moduli_mercato = np.array([scr_tasso, scr_azionario, scr_immobiliare, scr_valutario, scr_spread, scr_concentrazione])\n",
    "scr_mercato = np.sqrt(scr_sotto_moduli_mercato @ d_corr[:6, :6] @ scr_sotto_moduli_mercato.T)\n",
    "\n",
    "scr_sotto_moduli_controparti = np.array([scr_controparti])\n",
    "scr_controparti_finale = scr_controparti  # Non ha una matrice di correlazione complessa\n",
    "\n",
    "scr_sotto_moduli_underwriting = np.array([scr_vita, scr_non_vita, scr_salute])\n",
    "scr_underwriting = np.sqrt(scr_sotto_moduli_underwriting @ d_corr[6:, 6:] @ scr_sotto_moduli_underwriting.T)\n",
    "\n",
    "# Formula finale per lo SCR aggregato\n",
    "scr_totale = np.sqrt(scr_mercato**2 + scr_controparti_finale**2 + scr_underwriting**2)\n",
    "\n",
    "# Stampa risultati\n",
    "print(\"Matrice di correlazione casuale:\")\n",
    "print(d_corr)\n",
    "print(f\"\\nSCR Totale Rischio di Mercato: {scr_mercato:.2f}M\")\n",
    "print(f\"SCR Totale Rischio di Controparte: {scr_controparti_finale:.2f}M\")\n",
    "print(f\"SCR Totale Rischi Assicurativi: {scr_underwriting:.2f}M\")\n",
    "print(f\"SCR Totale Aggregato: {scr_totale:.2f}M\")"
   ]
  },
  {
   "cell_type": "code",
   "execution_count": null,
   "id": "48c0b160-03a1-4040-a10b-a1c7793e8b06",
   "metadata": {},
   "outputs": [],
   "source": []
  }
 ],
 "metadata": {
  "kernelspec": {
   "display_name": "Python 3 (ipykernel)",
   "language": "python",
   "name": "python3"
  },
  "language_info": {
   "codemirror_mode": {
    "name": "ipython",
    "version": 3
   },
   "file_extension": ".py",
   "mimetype": "text/x-python",
   "name": "python",
   "nbconvert_exporter": "python",
   "pygments_lexer": "ipython3",
   "version": "3.11.6"
  }
 },
 "nbformat": 4,
 "nbformat_minor": 5
}
